  -0.71759  -0.22447  -1.73198  -3.65187  -1.11775   1.18726  -0.49838  -1.60589  -2.83845  -6.57405  -1.52192  13.29286  19.43988  12.85371   6.23023   2.94419  -0.26590  -2.30930  -4.23502  -5.70991
  -1.46206  -0.87571  -1.80898  -2.95375  -0.43780   1.47809  -0.43414  -1.62332  -1.39203  -2.30342   1.63876  11.53928  16.37235  12.53066   7.12852   3.13798  -0.54842  -3.38694  -5.87819  -7.36581
  -2.71658  -2.20299  -2.38835  -2.25700   0.13172   1.09852  -1.15670  -2.41381  -0.26046   2.68852   6.72648  11.60592  12.90863  10.55850   7.33474   3.39124  -0.79722  -4.17672  -7.33542  -9.08813
  -3.44190  -3.20770  -2.88326  -1.96244  -0.26006  -0.00979  -2.21964  -3.62597  -0.92403   5.01300  11.07038  13.65202  11.81806   9.08196   6.90961   3.18118  -1.49222  -5.47298  -9.30984 -11.48746
  -3.24722  -3.19409  -2.80805  -1.88734  -1.14109  -1.25803  -2.61745  -4.39696  -2.83048   4.11820  12.59121  15.92794  12.87234   8.83502   6.04603   2.01528  -3.22057  -8.03009 -12.51937 -14.99004
  -2.37197  -2.37459  -2.25980  -2.28784  -2.34746  -1.68099  -1.46125  -3.25822  -3.72120   1.66346  11.01609  15.93984  13.37004   8.85896   5.12701   0.29877  -5.53259 -10.96069 -16.05594 -18.78825
  -1.94183  -1.80257  -1.83347  -2.67254  -3.05677  -1.02266   1.03440  -0.39337  -2.57684   0.16827   7.76274  12.73098  11.25200   7.40423   3.76815  -1.20520  -7.17293 -12.51869 -17.48989 -20.24124
  -2.16218  -1.81034  -1.73799  -2.60603  -2.51851   0.51179   3.62604   2.81859   0.00722   0.15901   4.34358   7.48489   6.59124   4.19856   1.69872  -2.21031  -7.23737 -11.75292 -15.91807 -18.27991
  -2.31669  -1.89831  -1.60742  -1.96225  -1.29804   1.97952   5.20480   4.91852   2.21336   0.70168   1.63720   2.38567   1.58642   0.63495  -0.20432  -2.47482  -5.95922  -9.23173 -12.36908 -14.17811
  -1.58324  -1.16756  -1.06052  -1.56101  -0.89235   2.04785   4.90147   5.04924   3.09215   1.11431   0.03297  -0.80609  -1.49956  -1.35556  -0.84874  -1.64853  -3.84023  -6.35586  -8.65298  -9.85148
   1.03629   1.02139   0.02018  -1.86344  -2.30537  -0.11024   2.69595   3.66607   2.77920   1.18345  -0.29906  -1.47886  -1.98973  -1.33830  -0.27235  -0.32747  -1.84349  -4.02591  -5.71690  -6.35752
   4.83102   4.32291   1.81820  -2.24873  -4.58792  -3.43624  -0.54912   1.55254   2.01815   1.34749   0.23487  -0.73672  -1.12401  -0.74882   0.03141   0.12674  -0.96101  -2.65583  -3.62992  -3.79483
   7.81658   7.20975   3.92536  -1.73740  -5.66966  -5.55490  -2.89316  -0.24268   1.05305   1.13635   0.56212  -0.18156  -0.75838  -1.09029  -1.08404  -1.12898  -1.61912  -2.31236  -2.27540  -1.97682
   8.13987   7.75597   4.93114  -0.41402  -4.50771  -5.14269  -3.27254  -1.10359   0.09531   0.19632  -0.28562  -0.93488  -1.76573  -2.66825  -3.21420  -3.22066  -2.98953  -2.65009  -1.63715  -0.84687
   5.48231   5.54617   4.04239   0.55679  -2.25629  -2.99428  -2.15239  -1.15105  -0.97886  -1.46174  -2.16904  -2.94843  -3.69519  -4.37569  -4.77896  -4.57804  -3.98144  -3.14940  -1.83448  -1.04953
   2.44865   2.62111   2.13668   0.65117  -0.59577  -0.94779  -0.86445  -1.15794  -2.11595  -3.37386  -4.40833  -5.03716  -5.29616  -5.39830  -5.25096  -4.84302  -4.41023  -3.89253  -3.10692  -2.64255
