   1.87212   2.69367   3.20404   3.10640   2.37181   1.73432   1.36412   1.65787   1.74689  -0.92102  -6.26705  -7.65458  -5.51721  -5.48260  -8.03112  -9.26892  -9.59876  -9.09288  -7.15331  -4.83632
   1.72419   2.81308   3.78459   3.72648   2.85815   2.44373   2.60472   3.20033   3.77366   0.91680  -5.09972  -7.90381  -6.07590  -4.88093  -6.42528  -7.66227  -7.87663  -7.41533  -5.70571  -3.37942
   1.04959   2.21496   3.64602   3.59330   2.97431   3.33889   4.20213   5.26842   6.60508   4.96174  -0.98612  -5.67792  -5.50978  -3.87322  -4.24366  -5.15829  -5.09793  -4.24601  -2.33393   0.62970
   0.83810   1.33927   2.23320   2.13611   2.13088   3.39093   4.40037   5.07441   6.86885   7.84230   4.84212   0.35251  -1.80338  -1.82218  -1.78876  -1.75066  -0.94035   1.01703   4.11485   8.34752
   2.96123   2.59081   2.43305   2.26282   2.98141   4.43498   4.67212   3.86606   4.75557   6.96590   7.57925   5.36205   3.08754   1.93855   1.98220   2.85264   4.71353   7.69350  11.98524  17.31816
   6.40076   5.77200   5.06227   4.88024   5.94967   6.89205   5.71227   3.24175   1.97920   3.32684   5.62629   6.78812   6.92775   6.85811   7.38789   8.66426  10.86520  13.83439  17.56280  22.08257
   8.74728   8.55368   8.02229   7.92030   8.34032   8.14196   6.03541   2.81494  -0.05370  -0.69594   1.33840   5.05408   8.41401  10.72525  12.47644  14.04686  15.55627  17.18116  18.62927  20.19742
   8.92705   9.00381   8.80691   8.60531   8.05926   6.86152   4.85186   2.27235  -0.72458  -2.49342  -1.30091   3.13020   8.25911  12.19921  14.79863  16.31395  16.74447  16.44476  15.42368  13.88197
   7.72230   7.35211   6.90164   6.54577   5.85542   4.93127   4.08849   3.18664   1.46177  -0.04817   0.44714   4.06117   8.45154  12.00042  14.05412  14.79891  14.06899  12.41706  10.09412   6.91923
   6.67025   4.91380   3.57469   3.21172   3.53549   4.27752   5.45570   6.38286   6.30321   5.58464   5.73628   7.47934   9.60753  11.16515  11.76824  11.47832  10.01505   8.00627   5.70173   2.43356
   6.23144   2.89955   0.48474  -0.05310   1.29016   3.79325   6.74303   9.00191   9.93759   9.85592   9.60775   9.66356   9.64171   9.46468   9.23351   8.77608   7.70560   6.28800   4.56525   1.93242
   5.24813   1.66982  -1.29218  -2.35128  -1.27375   1.25639   4.29945   6.79392   8.06034   8.38170   8.03558   7.52790   6.81872   6.42739   6.71543   7.38246   7.70089   7.44814   6.40850   4.50124
   2.11348   0.25567  -1.67595  -3.00155  -3.38694  -2.81725  -1.46181  -0.00604   1.18011   1.86771   2.29690   2.39049   2.53602   3.10634   4.55656   6.47782   8.07685   8.76420   8.43059   7.17936
  -3.00188  -1.97951  -1.58021  -2.22238  -3.80072  -5.43710  -6.16812  -6.06079  -5.21620  -4.02180  -2.61776  -1.28024   0.17896   1.71108   3.55061   5.52892   7.16643   8.11617   8.29127   7.99447
  -6.60588  -3.82746  -1.57476  -1.10762  -2.61348  -4.92129  -6.70542  -7.26045  -6.61628  -5.03358  -3.03549  -0.89633   1.09202   2.67862   3.89554   4.82210   5.65783   6.41959   7.11859   8.14310
  -7.33375  -4.35448  -1.57131  -0.61556  -1.75793  -3.88523  -5.79816  -6.43068  -5.77192  -4.14968  -1.93966   0.34095   2.25722   3.57528   4.35616   4.60119   4.99620   5.59473   6.64576   8.32777
