   1.05509   1.04949   1.04461   1.04041   1.03688   1.03397   1.03168   1.02997   1.02885   1.02828   1.02828   1.02885   1.02997   1.03168   1.03397   1.03688   1.04041   1.04461   1.04949   1.05509
   1.03848   1.03325   1.02870   1.02480   1.02153   1.01885   1.01674   1.01518   1.01414   1.01363   1.01363   1.01414   1.01518   1.01674   1.01885   1.02153   1.02480   1.02870   1.03325   1.03848
   1.02356   1.01871   1.01452   1.01096   1.00797   1.00554   1.00364   1.00223   1.00130   1.00084   1.00084   1.00130   1.00223   1.00364   1.00554   1.00797   1.01096   1.01452   1.01871   1.02356
   1.01032   1.00590   1.00210   0.99890   0.99623   0.99408   0.99239   0.99116   0.99034   0.98994   0.98994   0.99034   0.99116   0.99239   0.99408   0.99623   0.99890   1.00210   1.00590   1.01032
   0.99878   0.99482   0.99146   0.98864   0.98633   0.98448   0.98305   0.98200   0.98132   0.98098   0.98098   0.98132   0.98200   0.98305   0.98448   0.98633   0.98864   0.99146   0.99482   0.99878
   0.98893   0.98549   0.98260   0.98023   0.97831   0.97680   0.97564   0.97481   0.97428   0.97401   0.97401   0.97428   0.97481   0.97564   0.97680   0.97831   0.98023   0.98260   0.98549   0.98893
   0.98080   0.97792   0.97557   0.97369   0.97221   0.97107   0.97024   0.96965   0.96928   0.96910   0.96910   0.96928   0.96965   0.97024   0.97107   0.97221   0.97369   0.97557   0.97792   0.98080
   0.97440   0.97214   0.97038   0.96905   0.96807   0.96736   0.96688   0.96657   0.96639   0.96631   0.96631   0.96639   0.96657   0.96688   0.96736   0.96807   0.96905   0.97038   0.97214   0.97440
   0.96974   0.96818   0.96708   0.96637   0.96594   0.96573   0.96566   0.96567   0.96571   0.96573   0.96573   0.96571   0.96567   0.96566   0.96573   0.96594   0.96637   0.96708   0.96818   0.96974
   0.96683   0.96605   0.96570   0.96569   0.96591   0.96626   0.96667   0.96704   0.96733   0.96748   0.96748   0.96733   0.96704   0.96667   0.96626   0.96591   0.96569   0.96570   0.96605   0.96683
   0.96568   0.96578   0.96629   0.96708   0.96804   0.96905   0.97000   0.97081   0.97139   0.97169   0.97169   0.97139   0.97081   0.97000   0.96905   0.96804   0.96708   0.96629   0.96578   0.96568
   0.96631   0.96741   0.96888   0.97060   0.97242   0.97419   0.97579   0.97711   0.97804   0.97852   0.97852   0.97804   0.97711   0.97579   0.97419   0.97242   0.97060   0.96888   0.96741   0.96631
   0.96873   0.97096   0.97355   0.97633   0.97915   0.98183   0.98420   0.98613   0.98748   0.98818   0.98818   0.98748   0.98613   0.98420   0.98183   0.97915   0.97633   0.97355   0.97096   0.96873
   0.97293   0.97645   0.98033   0.98437   0.98837   0.99212   0.99542   0.99809   0.99996   1.00092   1.00092   0.99996   0.99809   0.99542   0.99212   0.98837   0.98437   0.98033   0.97645   0.97293
   0.97892   0.98391   0.98928   0.99480   1.00021   1.00526   1.00969   1.01326   1.01576   1.01705   1.01705   1.01576   1.01326   1.00969   1.00526   1.00021   0.99480   0.98928   0.98391   0.97892
   0.98666   0.99335   1.00047   1.00772   1.01483   1.02146   1.02729   1.03199   1.03529   1.03699   1.03699   1.03529   1.03199   1.02729   1.02146   1.01483   1.00772   1.00047   0.99335   0.98666
